409,1944.0602,1346.0486,8.9093,180.2598,0,0 ;
409,1944.3724,1335.7693,8.9094,178.7635,1,1 ;
409,2039.6443,1008.3372,10.4717,178.7756,0,0 ;
409,2108.1514,1440.6624,10.6203,268.1557,0,0 ;
409,2176.3467,1676.1738,10.6203,179.9265,1,1 ;
409,2035.1099,1917.6454,11.9762,180.5781,1,1 ;
587,2075.4963,1490.6589,10.3973,0.9207,10,10 ;
451,2148.8706,1398.3688,10.5208,359.6848,78,78 ;
558,2132.6252,1409.2678,10.4506,180.3099,36,1 ;
420,2039.7207,1335.4227,10.4504,178.9215,-1,-1 ;
420,2159.9783,1687.9427,10.5331,15.7070,-1,-1 ;
420,2217.6040,1838.1331,10.5980,180.3272,-1,-1 ;
420,2040.1990,1344.9268,10.4492,178.6027,-1,-1 ;
562,2039.9257,1019.8728,10.3308,179.7790,33,33 ;
562,1881.7867,964.0424,10.4797,89.3165,33,33 ;
562,1881.5303,991.9349,10.4789,88.5594,33,33 ;
562,1881.8263,1035.1031,10.4788,90.5642,33,33 ;
562,1882.0393,1054.4159,10.4798,90.3892,33,33 ;
543,1665.9182,900.6049,10.6179,154.1468,66,84 ;
561,1655.6388,999.3278,10.6343,1.6394,112,112 ;
516,1677.3665,988.1376,10.6021,359.7391,16,16 ;
411,1889.2765,1934.0405,13.5119,180.0616,4,4 ;
422,2791.8364,1997.4441,10.8079,358.2167,8,10 ;
402,2812.9854,2026.3202,10.5870,181.2861,46,46 ;
401,2822.0801,2169.3892,10.5975,270.8597,59,59 ;
402,2582.8459,2271.9075,10.6526,89.7938,58,58 ;
561,2764.5786,1281.6991,10.4819,91.0993,72,72 ;
405,2782.1956,1295.4828,10.6250,179.4644,65,65 ;
414,2624.3726,1104.1190,10.8045,269.3916,101,101 ;
463,2437.9824,2060.0774,10.3605,321.5250,66,66 ;
463,2439.4592,2059.3762,10.3573,317.0827,125,125 ;
463,2436.2813,2060.5950,10.3597,324.4647,70,70 ;
533,2444.2742,1990.9354,10.5294,359.2699,83,83 ;
480,2458.2346,1992.2141,10.5043,180.6471,92,92 ;
482,2170.9219,1981.6818,10.8809,90.0917,52,52 ;
402,2231.9128,1277.3851,10.5745,1.2022,22,22 ;
451,2182.8376,1287.8752,10.4708,180.3702,123,1 ;
415,2171.9434,1118.7880,12.3942,333.4859,36,1 ;
429,2141.7615,1022.6919,10.5000,90.9348,13,13 ;
436,2150.9563,987.4216,10.5865,180.8703,87,1 ;
439,2133.0083,1006.8494,10.7160,89.0048,43,21 ;
561,2163.0320,1006.4872,10.6988,270.5458,101,1 ;
461,2132.7266,899.1528,10.4046,270.7793,61,1 ;
462,2132.7463,906.0122,10.4196,268.0389,2,1 ;
463,2475.0217,992.2781,10.3602,206.1178,7,7 ;
474,2197.8374,936.0216,10.5829,185.2772,105,1 ;
442,2485.1379,936.2085,10.6624,0.1062,25,109 ;
587,2460.3796,918.7192,10.5355,90.4611,53,1 ;
535,2455.4519,1275.5571,10.5843,270.0745,28,1 ;
603,2389.2190,1658.2742,10.4453,358.7758,60,1 ;
560,2039.5767,1560.1608,10.3773,179.5952,9,39 ;
545,2075.7207,1482.4139,10.4829,359.4229,44,96 ;
579,2168.6729,1412.4142,10.7456,179.3802,53,53 ;
581,2353.1150,1405.4800,10.4148,272.0892,66,1 ;
477,2352.6646,1436.9703,10.5496,269.3466,75,1 ;
603,2300.3599,1466.0364,10.4462,90.1237,53,53 ;
558,2300.8755,1458.6439,10.4778,90.3777,92,1 ;
480,2292.5034,1454.7678,13.8155,270.6444,68,1 ;
558,2285.8660,1518.0089,16.9278,0.2348,77,1 ;
521,2351.9590,1487.6743,17.7851,268.5520,92,3 ;
516,2322.5889,1423.0115,22.1984,89.6001,122,1 ;
579,2352.2910,1472.8545,32.0779,268.4590,28,119 ;
418,2332.3298,1387.9061,36.5387,179.0473,64,64 ;
477,2293.1245,1455.2216,39.5112,270.0951,22,1 ;
461,2279.1494,1387.7222,42.4054,181.3635,61,1 ;
451,2351.6416,1415.7268,42.5269,269.3744,123,123 ;
448,2631.0559,1845.8617,10.4164,264.5009,3,6 ;
561,2632.0137,1858.2656,10.6989,270.9765,113,1 ;
477,2602.6128,1846.6437,10.5729,90.5212,121,1 ;
479,2631.2253,1794.8120,10.6166,270.0366,60,35 ;
581,2600.0813,1691.2465,10.4108,89.1784,36,1 ;
496,2631.7998,1681.1658,10.4784,271.2010,31,31 ;
402,2214.7441,1512.2836,10.6519,269.6815,39,39 ;
410,2038.7775,1588.8407,10.3258,179.6040,10,1 ;
418,1742.2191,1906.1680,10.9136,90.2075,117,227 ;
420,1731.2715,1974.9578,10.5994,273.0416,6,1 ;
437,1736.9500,1878.4280,10.9183,269.9015,47,74 ;
429,1702.7047,1804.3766,10.5000,359.9712,1,2 ;
421,1602.3925,1839.9454,10.7028,178.4762,36,1 ;
402,1471.5049,1928.6152,11.1104,91.6437,22,22 ;
482,1450.1931,2017.9884,10.9038,90.8726,91,1 ;
426,1453.9977,1957.7761,10.9630,179.0628,62,62 ;
436,1368.7289,2020.8182,11.2117,88.9614,92,1 ;
483,1117.3785,2112.5374,10.8094,0.4216,1,31 ;
498,1049.3367,2135.9788,10.8916,87.9624,20,117 ;
530,980.7039,2060.1577,10.5856,159.6553,114,1 ;
542,1023.1682,2019.7904,10.9840,272.4500,31,93 ;
554,991.6675,1886.8708,11.3290,270.6092,15,32 ;
558,984.5507,1719.9063,8.2853,270.4343,24,1 ;
522,949.3912,1662.1198,8.4159,269.5886,6,25 ;
541,1113.0669,1726.9880,10.4451,179.9989,22,1 ;
521,1024.1970,1724.4652,10.3911,93.4605,92,3 ;
506,1041.7158,1357.1357,10.5246,85.3610,7,7 ;
500,1042.7311,1346.4717,10.9230,81.1408,28,119 ;
496,979.9923,1080.0503,10.5293,91.2658,53,56 ;
482,979.7035,1104.7273,10.9448,90.7615,71,71 ;
414,1425.6675,1039.2936,10.4327,90.1854,102,65 ;
414,1451.7877,976.0687,10.4987,0.3869,67,1 ;
410,2004.4067,735.3056,11.0296,180.8574,9,1 ;
418,2168.8989,695.7342,11.4583,182.7091,117,227 ;
429,2362.0627,731.0701,11.0945,0.1727,1,3 ;
439,2362.4011,648.3926,11.2058,358.5358,43,21 ;
460,2358.0769,519.0576,1.7602,270.6638,17,23 ;
493,2292.9006,518.9941,-0.2127,269.6579,36,13 ;
496,2086.2354,658.9543,10.8917,180.3410,66,72 ;
506,1916.4235,698.4152,10.5369,359.5925,52,52 ;
516,1852.8835,698.9276,11.0089,92.2719,119,1 ;
521,1413.7998,772.0428,10.3920,92.6899,87,118 ;
533,1484.0516,787.6008,10.5294,359.4022,74,1 ;
545,1535.0472,787.3861,10.6314,0.8390,44,96 ;
578,1645.1521,740.4365,11.4446,357.8964,1,1 ;
484,1628.1273,571.8071,0.1587,269.3263,66,36 ;
477,1544.6929,2132.2334,11.1514,269.0969,101,1 ;
480,1613.6011,2207.0527,10.5919,271.9736,4,4 ;
479,1519.2012,2291.0112,10.6331,0.9600,49,23 ;
419,1340.8719,2246.3386,10.6215,92.0409,21,1 ;
462,1431.4543,2237.3440,10.6230,267.7669,3,1 ;
401,1508.7909,2091.1387,10.6953,271.2132,39,39 ;
439,1068.4608,2185.2996,16.6151,91.1135,25,78 ;
426,1126.5607,2323.6711,16.4615,90.0850,7,7 ;
421,1135.4622,2253.0496,16.6012,270.1440,30,1 ;
419,1115.4999,2310.4092,10.6371,267.7344,33,75 ;
561,990.2859,2307.3047,11.1294,89.9585,101,101 ;
400,1108.1198,1903.8445,10.9125,269.1945,113,1 ;
403,1059.6801,1916.6881,11.4272,0.6038,101,1 ;
402,2039.0864,1160.6543,10.5033,179.5146,22,22 ;
411,1844.4286,1209.7379,10.5596,91.1955,116,1 ;
522,1843.6981,1255.3601,10.3902,89.6382,3,8 ;
439,1866.8518,1179.2153,10.7348,0.1707,37,78 ;
587,1552.6906,1025.6267,10.5356,267.4064,66,1 ;
543,1332.6006,1159.0437,10.6290,270.0148,8,90 ;
545,1281.1134,2545.5876,10.6315,90.4074,30,1 ;
420,1433.6541,2608.7395,10.6772,89.2627,6,76 ;
508,1374.0249,2644.2893,11.1956,179.4467,1,1 ;
437,1352.3561,2647.1230,10.9443,180.4328,105,20 ;
451,1319.5608,2697.6628,10.5268,0.7027,61,61 ;
437,1296.4653,2646.8472,10.9536,1.1869,54,7 ;
506,1464.4520,2773.0771,10.3764,181.1781,3,3 ;
546,1475.3710,2839.5518,10.6444,181.0346,11,11 ;
541,1455.9503,2878.8362,10.4449,0.1368,51,1 ;
545,1529.5756,2867.6501,10.6314,268.0443,39,1 ;
421,1529.6301,2835.7375,10.6409,269.9234,62,62 ;
457,1422.7972,2830.8291,10.4472,91.4126,13,1 ;
457,1369.0237,2784.1589,10.4470,94.3731,34,1 ;
457,1423.0651,2835.1399,10.4471,92.8884,58,1 ;
572,1420.3008,2802.6375,10.4002,179.9108,30,1 ;
561,1618.5776,2834.7361,10.6343,359.5821,25,78 ;
581,1737.6124,2780.0356,10.6454,100.8438,54,1 ;
579,1673.0441,2696.7334,10.7646,2.8550,37,37 ;
522,1927.4393,2729.9841,10.3924,182.5768,6,25 ;
562,1998.1213,2758.4885,10.4822,0.3794,116,1 ;
542,2260.1184,2737.8931,10.5638,271.1407,24,118 ;
498,2311.9609,2763.3215,10.8880,272.1044,13,120 ;
421,2143.1143,2807.1777,10.5765,92.5022,30,72 ;
480,2167.2463,2750.6987,10.5948,271.0785,12,12 ;
419,2349.0527,2578.4849,10.6135,0.1656,2,39 ;
448,2363.0669,2531.9736,10.4173,267.6790,3,6 ;
541,2417.8662,2529.0085,10.4450,178.9855,36,8 ;
415,2455.1401,2531.6060,21.6458,179.4472,0,1 ;
418,2530.6252,2535.9524,21.9679,268.5749,81,81 ;
436,2506.2002,2515.6663,21.6411,88.9685,11,1 ;
429,2537.9023,2397.2529,3.8906,0.5158,10,10 ;
474,2511.0984,2394.3940,10.5828,269.3660,97,1 ;
477,2501.1006,2131.0410,10.4987,269.4453,92,1 ;
518,2589.0198,2166.3142,10.4839,1.1502,17,1 ;
533,2620.0979,2086.9114,10.5281,180.6504,79,1 ;
535,2567.6167,2059.1948,10.5846,0.8758,28,1 ;
541,2075.6462,1312.3136,10.2966,359.4287,2,1 ;
546,2183.6970,1878.7114,10.5448,359.9918,78,38 ;
410,2192.2410,1856.6902,10.6209,181.3348,75,1 ;
480,2203.4363,1787.9412,10.5034,179.6947,60,1 ;
541,2181.5310,1821.7205,10.4451,0.6193,51,1 ;
533,2129.1848,1810.2720,10.3810,332.9410,74,1 ;
477,2118.6621,1892.0770,10.3763,181.2668,6,6 ;
410,2118.6233,1910.1948,10.7688,180.4238,40,110 ;
496,2102.4214,2066.0054,10.5366,270.8547,66,72 ;
477,2103.5483,2089.0322,10.5741,269.2954,101,1 ;
516,2028.6848,2155.9724,10.6248,264.3126,2,39 ;
522,1995.4116,2185.7837,10.3813,183.3891,36,105 ;
508,2010.5963,2137.1594,11.1969,270.0610,1,1 ;
414,2005.9337,2059.6008,10.9941,181.8287,110,93 ;
414,2060.3394,2237.0127,10.5447,89.3482,121,93 ;
448,2077.0784,2226.7166,10.4142,3.1701,3,6 ;
420,2107.7361,2206.7979,10.8238,178.2615,6,76 ;
516,2094.5530,2206.6326,10.5904,178.8517,119,45 ;
477,2156.2788,2188.8767,10.3516,358.4281,14,14 ;
415,2339.1323,2114.0562,10.4512,177.1576,20,1 ;
409,2361.3320,2170.0618,10.5251,359.3094,1,1 ;
461,2380.3523,2018.2645,10.3403,272.1906,13,1 ;
587,2338.7590,1943.9525,10.4102,182.1740,40,1 ;
482,2221.3479,1944.5293,9.7951,87.2554,37,37 ;
479,2272.5029,1953.1041,9.4899,179.0292,7,7 ;
541,2244.7246,1997.9194,15.4282,0.8475,12,32 ;
541,2222.4797,1936.1879,25.9241,88.7210,68,8 ;
415,2294.6262,1952.2435,26.0251,268.4258,7,7 ;
436,2246.8062,1939.5153,31.5463,179.6696,33,0 ;
461,2283.6470,1975.2380,28.4011,180.9682,62,62 ;
482,2217.0320,2048.4802,10.9456,89.9095,85,85 ;
479,2296.6074,2046.1454,10.6169,271.5167,49,23 ;
461,2259.0544,2065.4905,10.3873,2.1430,61,1 ;
477,2272.6033,2326.2434,10.5272,88.5973,61,61 ;
401,2464.2083,2236.9705,10.5507,88.6525,39,39 ;
428,2242.5024,2231.3748,10.9010,270.8860,4,75 ;
516,2007.5071,2263.2092,17.6074,2.4052,13,76 ;
522,2014.7938,2244.9580,23.4848,269.4012,8,82 ;
436,1907.2633,2290.8406,11.0000,180.4904,84,1 ;
480,1705.0334,2242.9836,10.5941,179.6409,12,12 ;
436,1691.1774,2131.1426,11.0800,91.2325,87,1 ;
414,1842.6188,2090.4556,10.8907,176.3065,36,36 ;
436,1908.1819,2078.6570,10.5695,270.3529,53,1 ;
516,1912.8295,2158.5737,10.6165,271.8315,47,47 ;
525,1963.4600,2171.0208,10.6913,257.1353,1,1 ;
496,1993.2476,2058.3521,10.5367,357.2019,53,56 ;
535,2075.9631,1677.7250,10.4351,0.1849,118,1 ;
418,2452.3093,1357.8304,10.9134,359.7694,61,61 ;
415,2447.5730,1327.1135,10.5908,179.6456,0,1 ;
414,2612.0542,1429.5336,10.9140,183.7790,24,1 ;
420,2488.5161,1534.1761,10.5240,231.4538,6,1 ;
409,2481.3877,1544.0386,10.5123,202.9677,1,1 ;
579,2498.4194,1676.3019,10.5524,1.3521,101,101 ;
474,2463.0220,1676.7267,10.5831,359.3129,97,1 ;
518,2788.6519,2431.3220,10.4912,314.8943,2,39 ;
516,2815.1465,2406.8418,10.6541,315.8335,119,1 ;
506,2833.4592,2309.8750,10.5247,179.7437,76,76 ;
516,2891.3560,2379.1252,10.6230,270.9466,41,29 ;
417,2093.3755,2415.1582,74.7678,94.3180,2,29 ;
402,2095.8645,2410.8191,45.0503,267.7614,110,110 ;
516,2104.4490,2396.0525,40.6341,271.3880,119,62 ;
402,2095.8438,2398.7417,27.8898,268.8989,99,81 ;
477,2086.5784,2416.6394,23.4231,90.8221,3,3 ;
516,2103.9829,2419.3713,14.8978,270.8129,24,55 ;
561,2065.8535,2479.7612,10.6989,359.7305,4,1 ;
414,2130.8403,2514.2134,10.9140,193.6682,24,1 ;
410,1900.4618,2437.4229,10.4740,92.5165,45,1 ;
408,1730.6010,2336.2703,11.3685,2.6346,26,26 ;
486,2707.1851,822.1658,10.7179,2.5507,1,1 ;
486,2707.0010,908.6336,10.8980,176.3525,1,1 ;
482,2697.6646,885.6911,10.3113,271.4880,71,71 ;
554,2701.6409,828.3740,10.1758,359.8369,15,32 ;
524,2635.2407,848.0072,6.7986,311.1720,61,27 ;
524,2630.1240,851.0532,6.9725,315.8478,65,31 ;
530,2687.1553,909.9475,10.4912,199.4376,111,1 ;
530,2683.3469,908.7888,10.4567,197.7386,112,1 ;
455,2685.8137,864.3542,10.3588,358.5818,84,58 ;
560,2705.9065,788.8524,10.6037,359.2399,33,0 ;
403,2873.0920,920.3176,11.3572,94.3495,28,1 ;
403,2873.2283,913.3622,11.7676,85.7952,24,77 ;
435,2855.4207,896.0324,11.1716,359.7548,24,77 ;
435,2818.0835,897.6704,11.3012,359.2285,24,77 ;
435,2827.5466,897.5560,11.2943,0.9414,24,77 ;
530,2884.7034,941.7674,10.5161,90.4367,112,1 ;
530,2833.1492,996.5211,10.5144,173.6816,13,1 ;
482,2805.1533,968.8243,10.8708,178.9079,48,48 ;
560,2817.4512,941.4572,10.4556,0.9883,9,39 ;
578,2840.3525,994.4778,11.3743,176.8262,1,1 ;
415,-2089.7454,-85.3183,34.9356,0.0900,36,1 ;
415,-2076.7393,-84.4259,34.8911,357.8584,116,1 ;
504,-2091.6350,-106.7603,35.1125,179.5832,45,29 ;
560,-2396.2222,-594.7454,132.3533,123.1677,33,0 ;
411,-2414.5781,-586.8558,132.3755,215.3865,112,1 ;
482,-2527.9175,-602.6952,132.6175,179.0378,41,20 ;
451,-2517.0481,-601.8521,132.2690,179.6375,36,36 ;
522,-2494.2900,-601.8505,132.1326,178.4421,3,8 ;
522,-2622.9067,-509.6570,70.9034,284.9871,3,8 ;
405,-2747.2739,-306.4048,6.9132,50.7011,24,1 ;
505,-2774.2708,-281.9049,6.7476,178.6849,37,0 ;
409,-2738.0176,-322.8980,6.8391,313.5169,1,1 ;
457,-2657.9009,-290.8440,7.1044,313.4402,25,25 ;
457,-2652.5388,-295.5096,7.1101,312.4090,86,86 ;
457,-2644.5061,-290.4049,7.1283,139.4791,8,8 ;
457,-2650.2507,-284.7023,7.1297,137.3287,2,1 ;
475,-2718.7566,-181.6171,3.9922,269.6131,68,8 ;
411,-2692.3340,-83.6105,4.7104,90.7628,1,1 ;
560,-2682.6699,-22.7128,4.3281,178.6174,1,31 ;
560,-2627.3579,-34.8250,4.0417,181.9431,41,29 ;
482,-2729.5671,76.7876,4.4511,87.5421,32,32 ;
579,-2484.3000,5.7674,25.5544,91.3108,42,42 ;
567,-2528.8882,-5.5797,25.4875,271.5341,90,96 ;
429,-2592.7732,-110.8420,3.9306,89.9971,2,1 ;
415,-2615.9045,-178.3203,4.1076,269.3111,40,1 ;
480,-2352.2312,-124.4615,34.9708,179.3509,17,1 ;
448,-2319.5144,-150.8684,35.1509,176.9124,3,6 ;
535,-2099.2341,-36.4293,35.1021,357.3710,77,26 ;
535,-2021.4100,-47.6897,35.1866,184.1009,69,1 ;
535,-2085.3667,61.6716,34.2269,88.7158,28,1 ;
567,-2357.8167,-43.2394,35.1865,90.6814,97,96 ;
403,-1855.5707,-176.4486,9.9250,270.1853,25,1 ;
492,-1821.1146,-161.7525,9.1874,164.9686,28,56 ;
530,-1694.7194,8.6605,3.3137,348.2751,111,1 ;
530,-1712.0934,10.8106,3.3879,303.1499,112,1 ;
530,-1716.6062,19.1024,3.3437,273.4997,119,1 ;
530,-1700.6174,6.2953,3.3148,352.1077,114,1 ;
522,-1697.8990,63.3702,3.1263,301.0493,39,106 ;
522,-1682.4491,41.4261,3.1198,338.2361,51,118 ;
522,-1694.0885,48.6863,3.1207,317.3058,3,3 ;
493,-1760.9098,-193.8202,-0.1219,266.3580,36,13 ;
426,-1669.5262,-33.8696,3.3108,314.1520,42,42 ;
403,-1837.5128,-15.2423,15.6987,271.1784,54,1 ;
426,-1839.7010,-21.5651,14.8602,265.8797,42,42 ;
421,-1885.3856,-161.3161,11.6546,355.7335,71,72 ;
482,-1861.0438,-140.4725,12.0201,87.6606,66,66 ;
567,-2124.6743,-242.8083,35.1864,18.3731,99,81 ;
545,-2485.9868,97.9314,34.9680,268.0125,81,81 ;
533,-2484.7358,65.7313,25.3992,358.7399,79,1 ;
462,-2694.2021,68.7381,3.9321,85.6921,2,1 ;
424,-2941.3359,-794.7429,6.8570,340.8897,2,2 ;
424,-2938.8164,-818.2305,7.0451,13.5219,2,2 ;
473,-2987.2434,-861.8030,-0.8947,144.9324,56,15 ;
473,-2967.3806,-684.3901,0.0677,351.0859,56,15 ;
473,-2954.7388,-498.1349,0.0155,5.6709,56,15 ;
493,-2947.7612,-364.1319,-0.5123,78.4238,36,13 ;
461,-2068.5420,-503.7956,35.0035,182.6852,46,46 ;
483,-1906.4901,-611.7231,24.5863,319.5491,17,0 ;
411,-2148.7424,-922.7524,31.7505,267.8838,106,1 ;
411,-2125.3806,-885.7675,31.7505,270.2341,104,1 ;
482,-1871.7642,-874.4785,32.1329,90.1095,118,118 ;
411,-1872.5656,-957.2282,31.7505,88.9793,80,1 ;
400,-1821.8348,-886.4156,42.0592,175.1724,123,1 ;
512,-1431.6896,-954.0375,201.2352,273.5343,15,123 ;
512,-1432.9872,-942.3373,201.3756,274.4437,32,112 ;
461,-2205.1782,-310.5668,35.2394,330.2716,46,46 ;
482,-2216.4529,-85.7872,35.4346,1.2615,64,64 ;
498,-2115.4626,-3.3854,35.3872,269.2903,13,120 ;
437,-2092.6289,-381.4249,35.4662,89.8969,79,7 ;
437,-2201.6951,-406.7657,35.4694,228.5155,79,7 ;
437,-2047.2311,-528.4994,35.4647,286.8040,79,7 ;
455,-1578.2035,97.3175,4.1610,135.9403,37,1 ;
443,-1747.0641,-164.1042,4.1860,39.5812,20,1 ;
545,-2267.1362,85.5752,34.9679,269.1610,67,67 ;
496,-2264.8977,200.3980,34.8805,89.9701,66,72 ;
536,-2216.8618,113.6911,35.0595,88.9417,12,1 ;
409,-2414.7739,331.6805,34.7672,331.1144,1,1 ;
405,-2452.8604,138.2975,34.8354,46.6420,24,1 ;
461,-2523.0012,338.5651,34.6932,250.6181,61,1 ;
439,-2502.7300,382.2403,35.0181,235.8174,54,38 ;
400,-2470.8625,407.1818,27.8697,139.4656,123,1 ;
496,-2522.4219,310.7949,27.4816,70.6665,20,20 ;
428,-2440.9980,509.6792,30.0563,206.6596,4,75 ;
428,-2437.7600,510.8553,30.0507,202.1894,4,75 ;
560,-2425.6440,518.4800,29.6348,216.9742,9,39 ;
463,-2473.4978,743.3479,34.5559,179.9892,84,84 ;
561,-2412.3730,741.7964,34.8297,179.4121,8,17 ;
463,-2451.2593,740.6838,34.7129,180.6275,79,39 ;
467,-2248.2617,692.7663,49.1081,179.2399,58,8 ;
405,-2151.4058,637.0890,52.1898,182.3598,75,1 ;
405,-2134.6875,686.8921,63.7561,178.3476,123,1 ;
409,-1951.6525,724.5811,45.1672,270.0913,1,1 ;
429,-1941.2656,585.4785,34.7953,359.2309,3,1 ;
439,-1922.0646,303.6587,40.9425,177.2474,25,78 ;
461,-1974.6830,170.9425,27.3574,271.5703,46,46 ;
420,-1987.9830,104.7278,27.3169,0.4059,6,1 ;
420,-1988.1044,147.8747,27.3177,0.2008,6,1 ;
467,-2922.5259,428.7520,4.6539,276.2402,2,1 ;
493,-2981.0247,496.3422,-0.6554,1.5943,36,13 ;
549,-2578.6179,626.5599,27.4438,359.1449,117,1 ;
575,-2610.8423,1405.6122,6.7507,270.0862,19,96 ;
411,-1663.4688,1211.4713,6.9794,276.9535,12,1 ;
558,-1656.2698,1208.2489,20.7792,268.6007,42,42 ;
558,-1660.5311,1215.1492,20.7869,315.8402,24,1 ;
451,-1650.9478,1208.6367,13.3797,247.0129,18,18 ;
451,-1656.4871,1215.6764,13.4254,259.0972,101,1 ;
560,-2047.9236,901.2451,53.3068,356.4079,21,1 ;
560,-2105.8264,901.4780,76.3014,4.8684,36,1 ;
500,-2927.3159,500.5060,5.0168,268.8409,28,119 ;
409,-2752.1567,374.9532,3.9412,179.1495,1,1 ;
405,-2657.6785,374.4564,4.1077,1.3494,75,1 ;
426,-2664.9829,267.9181,4.0801,0.0174,7,7 ;
439,-2681.6306,267.9998,4.2312,358.7699,65,79 ;
462,-2636.0247,247.4894,3.9279,163.5248,2,1 ;
559,-2691.8088,204.5243,3.9923,359.4068,68,8 ;
496,-2793.0317,229.3433,6.8049,89.8252,53,56 ;
560,-2710.5635,128.6468,3.9600,177.1886,37,0 ;
533,-2613.7000,205.8831,4.6949,1.1401,74,1 ;
526,-2616.9363,71.5616,4.1026,268.8823,17,1 ;
436,-2546.9377,-142.7184,13.8009,0.8366,109,1 ;
517,-2459.4773,-150.5229,25.7609,1.8047,36,36 ;
496,-2592.9810,-191.1821,3.9750,91.0989,31,31 ;
475,-2694.0012,-147.6346,4.0512,90.9210,76,1 ;
421,-2796.6199,-184.0407,6.8207,91.6072,42,42 ;
566,-2796.3052,-39.5262,7.0876,89.8012,8,17 ;
467,-2878.8960,734.5536,29.3162,280.5990,60,1 ;
482,-2462.1184,793.0873,35.2270,93.7908,28,28 ;
439,-2380.2781,1269.3492,25.1014,277.3688,37,78 ;
522,-1821.9445,1310.5370,59.3070,186.3879,3,8 ;
475,-1829.7480,1289.9834,59.8258,21.8999,61,61 ;
475,-1842.0276,1304.4764,59.5341,198.8919,37,0 ;
405,-1755.8068,953.2106,24.6171,84.9867,75,1 ;
480,-1686.7346,1007.9662,17.3024,92.5730,66,72 ;
405,-1587.0150,859.0454,7.4098,90.4344,75,1 ;
439,-1629.2559,870.3282,8.1322,177.2777,43,21 ;
533,-1707.0554,795.3817,24.5184,2.4475,77,1 ;
453,-1463.8043,1023.7324,-0.2395,269.1420,56,56 ;
473,-1509.0499,1385.6211,-0.2875,114.2092,56,15 ;
417,-1468.1395,1490.9220,8.3433,92.3864,0,0 ;
417,-2311.2693,1544.9398,18.8852,183.6456,0,0 ;
469,-2514.7388,1545.1013,17.3351,349.7112,1,3 ;
473,-2432.8538,1568.3925,-0.0528,353.0695,56,53 ;
473,-2434.4873,1571.9756,-0.1826,348.1105,56,15 ;
521,-2501.2534,1222.1891,36.9992,139.5936,87,118 ;
496,-2867.3279,695.7776,23.2883,296.3333,22,22 ;
496,-2857.4624,830.0972,39.8342,238.8571,42,42 ;
401,-2836.6306,870.4559,43.7638,267.2119,83,1 ;
401,-2839.8884,925.7379,43.8342,274.0428,47,47 ;
410,-2855.1917,962.1486,43.6477,294.1936,9,1 ;
516,-2900.1345,1104.5038,26.8936,272.1553,9,1 ;
418,-2898.4971,1161.4402,13.5039,272.4668,95,95 ;
415,-2722.1973,980.1292,54.2327,9.4435,25,1 ;
411,-2728.2146,910.1182,67.3208,153.1185,112,1 ;
421,-2634.7214,929.3314,71.3155,214.6021,30,1 ;
405,-2680.4905,869.2202,76.4498,23.7850,91,1 ;
558,-2650.5452,856.2390,63.6388,312.0352,117,1 ;
418,-2205.7361,293.8083,35.2104,359.0113,119,119 ;
400,-2231.1545,293.4678,35.2612,1.3597,14,123 ;
426,-2792.9805,785.0926,49.5488,17.1913,7,7 ;
533,-1997.0570,708.1403,45.0732,359.8203,52,39 ;
536,-2098.6619,653.4818,52.1045,178.5289,57,96 ;
475,-1772.8362,1205.1267,24.9264,128.7472,21,1 ;
482,-1698.9235,1029.1211,45.2640,163.2027,28,28 ;
421,-1915.2972,792.2175,39.5330,271.2570,42,42 ;
482,-1830.3928,636.3265,30.5508,181.9362,62,62 ;
551,-1767.2255,857.6757,24.6063,90.7746,72,1 ;
533,-1996.7197,780.7192,45.0773,0.8333,74,1 ;
480,-2156.5957,781.6992,69.2316,271.9981,58,1 ;
561,-2206.7849,718.1914,49.4181,359.8657,101,1 ;
482,-2287.0796,581.4111,34.9593,270.0385,59,36 ;
482,-2586.3882,311.3461,4.9411,90.7013,88,1 ;
439,-2586.3213,325.2354,4.7471,270.4281,65,79 ;
521,-2590.9128,484.1599,14.1862,58.1234,75,13 ;
463,-2454.1155,638.9645,32.6119,266.5039,74,1 ;
475,-2588.4861,632.4481,14.2561,269.3260,9,39 ;
479,-2546.5293,647.5505,14.1927,90.1881,109,100 ;
405,-2566.9233,556.1500,14.3396,294.3413,36,1 ;
461,-2621.0337,137.8928,4.0045,266.5985,46,46 ;
408,-2655.6912,-194.1583,4.7043,359.8855,26,26 ;
479,-2274.9456,-119.1158,35.1114,266.5583,54,31 ;
496,-2263.0579,18.8142,34.8656,354.0030,42,42 ;
475,-2167.6179,86.2425,35.0484,172.0044,21,1 ;
579,-2265.7461,452.6116,34.9076,250.2149,95,105 ;
405,-2379.3401,625.8353,33.0000,1.2157,36,1 ;
579,-2213.2063,416.5867,35.0997,357.7801,7,7 ;
582,-2123.9011,428.0708,34.6792,356.2318,14,1 ;
482,-2123.8403,380.5338,35.2907,87.8615,64,64 ;
582,-2044.8904,460.4015,35.2268,304.5739,56,123 ;
405,-2308.2900,673.6360,44.3038,90.5505,65,79 ;
480,-2175.9424,654.7142,49.2104,181.1464,12,12 ;
405,-2650.2134,703.3293,27.7206,270.0416,11,1 ;
496,-2694.9968,719.9131,34.2360,176.1588,42,42 ;
482,-1612.3462,1284.5171,7.3010,90.9943,85,85 ;
445,-1630.5129,1289.7798,6.9140,135.4144,37,37 ;
482,-1834.8303,1425.0577,7.2412,179.1661,57,57 ;
411,-1975.7601,1224.7452,31.4079,272.5271,106,1 ;
560,-1971.0621,1185.6659,45.0734,89.7986,37,0 ;
480,-1847.4036,1165.1617,39.5751,356.2450,73,45 ;
428,-1833.1833,1096.2388,45.4880,89.0391,4,75 ;
439,-1730.7964,1089.0475,45.3416,271.8883,57,8 ;
455,-1944.7908,1001.1067,35.6111,269.5481,32,74 ;
482,-1673.3295,1090.5961,8.0443,269.4953,10,10 ;
400,-2124.6316,-935.2519,32.1158,268.5499,62,1 ;
506,-2150.3098,-772.5972,31.6486,270.1075,37,37 ;
506,-2134.1143,-760.7621,31.7280,90.9188,7,7 ;
421,-2124.5564,-847.0036,31.9059,270.5157,95,1 ;
405,-1736.9055,1053.4701,17.4609,267.5370,40,1 ;
439,-1696.8990,977.2657,17.4815,359.7377,67,8 ;
496,-1474.2157,-137.3864,5.6264,270.1316,62,62 ;
400,-1337.5870,-128.9230,6.0923,88.6881,62,1 ;
482,-1426.0374,-212.6052,6.0536,88.9253,57,57 ;
516,-1369.8975,-216.2965,5.8337,88.8366,122,1 ;
517,-1337.3739,-37.7222,5.8549,87.8366,36,36 ;
480,-2645.6714,1375.8912,6.9395,268.6650,12,12 ;
411,-2618.2075,1349.1384,6.9411,0.7610,81,1 ;
477,-2617.5005,1376.3701,6.8800,180.0679,94,1 ;
411,-2646.4983,1334.4966,6.9009,0.6167,106,1 ;
487,-1637.0043,1381.6923,18.5907,137.6304,29,42 ;
487,-2632.1711,1417.5526,24.9424,235.3438,29,42 ;
480,-1623.0930,817.0657,6.5923,2.0322,6,6 ;
493,-1409.9961,917.3229,-0.3734,301.5048,1,5 ;
493,-1403.3783,888.8575,-0.1041,328.1305,36,13 ;
480,-1488.3904,666.5170,6.9579,92.0792,2,2 ;
484,-1475.4053,703.6797,0.2567,181.1956,50,32 ;
482,-1487.4949,758.5935,7.5513,89.3724,32,53 ;
403,-1654.6354,452.5728,8.2105,212.2164,24,77 ;
455,-1701.2188,407.8390,7.6164,221.8163,84,58 ;
461,-1673.6534,399.1507,6.7568,311.2735,37,1 ;
421,-1665.1743,351.3592,6.8215,345.8147,42,42 ;
455,-1622.2393,84.3414,3.9898,147.7921,1,31 ;
453,-1632.5704,161.8541,-0.2770,315.6891,56,56 ;
460,-1446.9373,96.2603,1.8018,313.8602,1,30 ;
421,-1319.0929,-337.8624,14.0309,260.0551,25,1 ;
553,-1622.4431,-311.8704,15.4839,27.5372,55,23 ;
417,-1712.1791,-456.0522,14.2207,1.9482,0,0 ;
447,-1756.1366,-444.6548,0.7483,5.0545,75,2 ;
507,-1236.8948,33.3595,13.9733,221.5421,7,7 ;
411,-1426.3220,-13.7968,5.7271,90.1829,116,1 ;
411,-1459.3002,-5.4454,5.7914,271.8837,45,32 ;
424,-2906.0566,58.3788,4.3926,5.7181,119,122 ;
568,-2897.8433,330.0730,4.6656,170.8635,9,39 ;
444,-2930.2214,711.2976,6.4082,7.0339,32,53 ;
579,-2885.2395,1243.7937,7.0338,261.2170,7,7 ;
462,-2810.1172,1325.5194,6.7011,143.9079,3,1 ;
446,-2747.4805,1399.5426,-0.7690,32.7627,3,3 ;
447,-2676.2593,1897.6268,0.9115,93.0397,75,2 ;
508,-2065.7258,1423.1896,7.4764,145.1099,1,1 ;
461,-2092.5718,1432.6520,6.6750,193.9025,87,118 ;
536,-2091.5598,1392.6028,6.8385,217.0096,30,96 ;
452,-1902.7883,1400.2579,-0.2510,76.7538,1,5 ;
461,-1794.8903,1405.5066,6.7728,203.9249,61,1 ;
472,-1720.9418,1436.0170,0.3172,356.6591,56,53 ;
454,-1467.0510,1503.8058,0.1585,110.2544,26,26 ;
473,-1570.9440,1263.8746,-0.0779,276.0413,56,15 ;
506,-1554.5819,1068.4961,6.8919,359.0276,52,52 ;
562,-1614.6351,1007.8853,6.8478,250.5691,17,1 ;
553,-1566.2198,-255.4555,15.4835,41.4339,61,74 ;
586,-1871.2375,-893.5937,31.5430,91.2748,122,1 ;
586,-1912.6022,-918.9386,31.7413,353.5594,46,46 ;
541,-1897.6475,-823.9932,31.8346,272.8453,44,96 ;
541,-1886.8457,-759.9957,31.6483,270.8408,60,1 ;
533,-1761.6075,613.7797,26.9520,89.3371,79,1 ;
429,-2019.1703,1029.0781,55.1885,272.6768,13,13 ;
442,-2041.7661,1116.0492,53.1165,175.0672,11,105 ;
421,-2052.5154,1112.8059,53.1715,181.2767,13,1 ;
560,-2557.4421,1143.5118,55.4319,165.8663,9,39 ;
402,-2541.8601,1141.0548,55.3862,170.3531,35,1 ;
496,-2499.5383,1137.9291,55.4432,180.4333,53,56 ;
536,-2485.8357,1137.9993,55.4642,180.9101,12,1 ;
541,-2458.5952,1138.3412,55.3516,178.5045,58,8 ;
541,-2431.1118,1136.0994,55.5330,175.6763,69,1 ;
541,-2377.0164,1122.4816,55.3515,340.0099,60,1 ;
508,-2413.5251,1026.2301,50.7658,0.0956,1,1 ;
575,-2408.1653,974.7092,44.9025,182.2524,19,96 ;
575,-2406.2703,944.5644,44.9790,266.8056,72,1 ;
559,-2352.3479,981.5965,50.3515,5.7404,58,8 ;
437,-2366.8171,1023.6387,50.8246,181.9107,79,7 ;
405,-2239.0337,893.4630,66.5312,89.8170,24,1 ;
426,-2233.8440,930.8287,66.3919,180.1113,10,10 ;
587,-2220.6704,813.1365,49.0857,90.0399,53,1 ;
500,-2292.3335,812.4420,49.0650,88.5746,9,39 ;
466,-2273.5481,1038.3989,83.5060,179.7762,68,76 ;
436,-2135.5122,1036.8539,79.6184,0.2546,87,1 ;
547,-2285.7629,1101.4392,79.8592,268.6749,123,1 ;
480,-2238.0720,1184.7144,55.3492,91.5899,2,2 ;
561,-2233.6113,1104.8516,79.8828,180.3517,101,1 ;
521,-2034.3132,167.2029,28.4100,276.3217,75,13 ;
549,-2033.3455,177.7978,28.7383,266.0410,57,8 ;
486,-2122.9641,176.7403,35.5823,269.0041,1,1 ;
486,-2128.7603,292.7856,35.0132,268.8581,1,1 ;
486,-2066.6992,295.1810,35.3575,185.6239,18,20 ;
482,-2126.2490,202.0597,35.4645,271.6610,102,65 ;
493,-2941.2458,500.9425,1.9118,356.2562,1,9 ;
421,-2151.0249,835.4579,69.2326,181.8154,71,72 ;
516,-1892.3840,823.9651,34.9240,1.1847,119,1 ;
500,-1983.7811,896.3951,45.3164,161.2541,28,119 ;
482,-1878.1260,1073.6155,45.3833,1.0803,88,1 ;
518,-2027.1711,1228.7698,31.3190,268.9391,9,39 ;
424,-2051.5183,1160.1519,45.2263,15.6148,2,2 ;
558,-2143.7021,1221.0677,46.9019,92.5564,24,1 ;
496,-2354.3687,1323.6498,14.6058,77.0716,42,42 ;
603,-2697.6223,783.2014,49.8749,267.5988,87,74 ;
603,-2637.6653,802.7455,49.7702,1.1551,34,1 ;
522,-2594.9675,841.6440,49.9161,84.3496,51,118 ;
463,-2464.2109,919.5464,62.5336,160.6213,7,7 ;
428,-1893.1501,878.8957,35.1399,0.5215,4,75 ;
500,-1920.9349,900.0209,35.5579,206.1858,14,123 ;
409,-1736.3384,947.9546,24.5472,65.3048,1,1 ;
540,-1502.9904,938.4938,7.0463,124.6396,62,62 ;
550,-1788.1842,802.8976,24.7103,359.7563,42,42 ;
561,-1784.4341,692.7875,34.9859,182.2400,57,8 ;
443,-1851.9319,116.8267,15.7521,284.3587,20,1 ;
482,-1855.5973,146.2494,15.2417,277.9544,85,85 ;
549,-2048.1506,124.8951,28.6802,182.0321,47,76 ;
600,-2160.9421,515.2612,34.8894,119.1082,32,8 ;
582,-2089.2358,479.1807,35.1022,78.0878,62,62 ;
461,-1962.3229,466.2146,34.8407,64.7884,53,53 ;
401,-1905.3840,710.6555,45.0761,179.5601,47,47 ;
401,-2539.3262,939.0101,64.2301,90.3424,47,47 ;
401,-2569.1545,981.8585,78.1545,358.0872,25,1 ;
541,-2692.8362,455.8668,3.9608,87.0999,13,8 ;
400,-2279.4724,-247.3415,42.5332,18.4825,40,1 ;
444,-2354.2649,-371.5601,69.0405,313.2816,32,42 ;
461,-1704.8201,1339.3179,6.7801,93.7506,3,6 ;
405,-1696.4670,1348.2159,7.0546,99.7830,4,1 ;
461,-1648.1644,1307.4525,6.6986,130.5739,3,3 ;
479,-1915.3132,1256.0265,19.2396,89.3746,95,105 ;
402,-2178.9719,1227.6172,33.7613,358.4316,22,22 ;
482,-1987.7301,1338.3241,7.2635,176.6010,105,1 ;
405,-1977.9648,-1020.8948,32.0504,332.2476,36,1 ;
487,-1970.8481,-829.0056,39.7330,1.5030,26,3 ;
421,-2148.8938,-879.1363,31.9059,269.8967,24,118 ;
461,-1720.9136,1007.3600,17.1706,91.6206,37,1 ;
439,-1703.6799,1028.5684,17.2701,271.2751,68,1 ;
516,-1385.4271,-207.9932,5.6252,269.5264,60,1 ;
400,-1370.5370,-108.5120,5.7368,90.5826,30,96 ;
410,-1427.6842,-71.5402,5.6544,92.1527,9,1 ;
516,-1338.1565,-175.1089,5.7248,267.4071,2,62 ;
496,-2436.2021,1257.5581,30.2190,90.0063,11,11 ;
579,-1643.6743,-1049.7825,102.4422,184.7762,62,62 ;
468,-1539.1002,-988.9670,159.2563,171.1934,46,46 ;
457,-2477.0815,-310.3790,41.1381,313.3356,10,1 ;
560,-2486.6094,262.4621,34.8724,271.1458,17,1 ;
549,-2585.9888,712.8341,27.5820,89.5528,84,36 ;
466,-1837.0461,339.5637,16.9045,331.3646,78,76 ;
558,-1956.2533,297.6264,35.0939,64.6876,116,1 ;
560,-1957.6255,276.9994,35.1773,132.1875,9,39 ;
561,-1950.4956,259.6261,35.2702,53.4263,8,17 ;
562,-1952.4977,265.6259,40.7239,292.5037,35,1 ;
567,-1952.7600,258.7500,40.9200,258.7441,88,64 ;
490,-1588.4078,673.0458,7.3151,176.8283,0,0 ;
490,-1574.3214,718.2319,-5.1140,89.8176,0,0 ;
472,-1076.0149,-207.4982,0.0197,201.3848,56,53 ;
413,327.8443,-1809.2729,4.5733,359.3342,91,1 ;
439,311.7234,-1809.8577,4.3552,179.9755,54,38 ;
496,334.3875,-1788.6018,4.7803,358.1175,41,41 ;
414,383.4589,-1740.6958,8.8571,358.6929,28,1 ;
467,740.4370,-1793.5476,12.9180,349.2087,58,8 ;
473,823.7594,-2066.2686,-0.1017,112.6381,56,53 ;
467,892.0507,-1797.3351,13.4070,175.4098,60,1 ;
467,944.9136,-1813.5590,13.0146,350.0614,68,8 ;
491,1096.8945,-1878.8030,13.3031,178.1535,71,72 ;
496,1206.2454,-1879.0792,13.3341,88.5190,77,26 ;
541,288.7144,-1158.0404,80.5349,221.9677,0,6 ;
589,346.9617,-1197.2283,76.2875,25.8040,70,100 ;
411,407.0925,-1151.5203,76.6354,148.1414,130,130 ;
562,481.5187,-1089.5427,82.1051,359.1924,0,3 ;
426,565.9165,-1067.1946,73.1332,35.3833,42,42 ;
451,228.7167,-1398.7766,51.2917,51.4378,131,74 ;
429,133.9096,-1492.1663,18.5958,57.1215,119,1 ;
562,150.7156,-1473.8826,24.9243,5.9389,111,118 ;
411,166.3856,-1340.8578,69.4391,190.4770,128,51 ;
603,172.0262,-1341.3418,69.5661,168.2207,44,40 ;
429,248.8978,-1355.4116,52.8828,279.1667,53,53 ;
451,251.6047,-1359.8792,52.7134,300.5452,17,117 ;
562,299.8025,-1331.8171,53.2744,72.7622,44,80 ;
405,406.4772,-1264.2565,50.2499,24.0160,24,1 ;
535,423.6223,-1266.3209,51.3450,21.9438,54,77 ;
477,261.5547,-1220.3823,74.6478,183.4546,99,100 ;
535,276.9328,-1267.3054,73.7098,302.5802,6,4 ;
496,280.3806,-1255.7952,73.6166,281.7693,46,66 ;
411,282.9343,-1160.4200,80.6401,223.5830,42,42 ;
589,569.3154,-1131.7330,50.2950,243.4572,42,39 ;
411,617.2254,-1102.6525,46.5131,126.8061,64,1 ;
562,687.5812,-1072.8162,49.1274,62.7814,76,45 ;
496,724.4913,-995.4954,52.3857,89.4483,79,110 ;
545,795.9840,-840.3973,60.4526,174.5740,31,96 ;
522,846.9828,-905.6497,68.3458,342.5805,138,94 ;
534,831.9914,-858.8560,69.6527,199.3811,65,44 ;
535,839.4457,-893.5928,68.5340,21.2260,3,1 ;
477,912.5916,-832.0980,92.1407,218.1897,108,127 ;
429,942.3409,-842.2905,93.9553,49.3921,107,69 ;
429,934.4840,-856.8366,93.1734,204.4157,135,30 ;
562,966.6584,-842.2115,95.4213,208.6852,103,88 ;
451,979.1476,-831.5278,95.3282,27.7639,22,108 ;
589,1024.2820,-777.6995,102.7277,142.3072,128,91 ;
429,1028.9191,-810.0178,101.6239,200.6103,20,71 ;
522,1099.2415,-818.4706,86.5177,153.5570,135,31 ;
522,1256.5295,-804.6979,83.7138,117.1748,116,130 ;
541,1248.1569,-804.1443,83.7656,167.9414,24,3 ;
487,1291.7155,-786.8652,96.6376,1.5839,29,42 ;
589,1352.0870,-622.1930,108.8587,24.2312,125,64 ;
477,1460.3851,-633.6793,95.5530,179.4419,0,1 ;
411,1108.8185,-732.7200,100.2283,87.5487,116,1 ;
429,1515.2770,-695.3987,94.4297,99.0699,3,1 ;
522,1518.6567,-688.1443,94.3202,127.6349,134,60 ;
535,1516.9452,-765.4361,79.7405,142.5422,66,1 ;
458,1530.6602,-814.2603,71.8145,269.5966,125,32 ;
560,1536.7003,-841.9440,64.3992,91.2450,101,95 ;
506,1515.6777,-879.8586,61.2318,73.2864,106,83 ;
451,1464.4681,-902.8252,54.5429,174.4412,27,31 ;
429,1429.4169,-883.6697,50.4307,45.8139,103,37 ;
589,1088.9662,-644.2655,113.1492,338.4004,20,50 ;
424,1113.3992,-657.0714,113.2539,1.8936,24,53 ;
411,1048.4277,-639.6287,119.8443,62.9709,81,124 ;
550,1038.2852,-640.5812,119.9407,3.9959,18,96 ;
558,1011.0540,-659.9860,120.7726,34.0075,131,53 ;
562,1006.7906,-663.9238,120.8018,212.6702,68,8 ;
560,946.7752,-705.8109,121.9154,208.3881,17,1 ;
535,912.4982,-665.0076,116.7563,234.0564,136,91 ;
477,866.9702,-712.0836,105.4297,301.5712,75,1 ;
518,851.5046,-741.6164,94.8512,223.7018,13,1 ;
603,887.4414,-782.3810,101.1163,325.3539,58,1 ;
534,834.7188,-754.2109,85.0352,221.3681,120,0 ;
545,856.4266,-825.8338,89.3121,35.0684,23,94 ;
545,812.7324,-768.6061,76.6226,240.9842,12,12 ;
562,792.6622,-824.7413,69.7717,10.8903,101,4 ;
405,211.8928,-1419.0681,13.1531,135.6236,24,1 ;
461,203.5655,-1441.0552,12.6881,319.3540,43,1 ;
482,216.6308,-1431.9065,13.3691,313.9951,48,48 ;
462,338.6057,-1340.7114,14.1075,116.4867,53,61 ;
439,343.3987,-1353.3427,14.4033,299.2459,43,21 ;
542,412.7446,-1318.5144,14.6645,210.7711,112,131 ;
521,411.1232,-1311.2087,14.5024,140.9818,36,0 ;
562,500.5935,-1304.4486,16.8673,309.5460,19,113 ;
521,531.3096,-1315.9927,16.8135,188.1211,74,74 ;
589,534.3378,-1291.4104,17.0133,1.2697,127,47 ;
463,542.3274,-1292.8159,16.7824,341.9847,79,3 ;
496,556.2568,-1291.2498,17.0149,180.9516,61,21 ;
461,587.8506,-1279.8562,15.9628,75.5049,57,94 ;
463,588.5497,-1282.7085,15.7110,71.1037,20,60 ;
589,569.1940,-1264.3147,16.4483,105.7125,75,1 ;
474,580.0232,-1310.1290,13.6310,190.1793,54,114 ;
429,760.3118,-1026.9938,23.8337,171.0469,25,78 ;
411,825.8176,-1006.6130,27.4827,38.8900,123,1 ;
429,973.4509,-930.9051,42.1739,91.9582,71,134 ;
463,892.2068,-944.0689,41.3930,346.6371,46,55 ;
496,1039.0024,-925.8621,42.0801,3.8901,95,87 ;
496,1028.1858,-887.8458,41.8743,18.1745,76,26 ;
534,1091.6672,-934.4342,42.7434,181.8923,53,53 ;
496,1196.4460,-887.2950,42.7778,4.9401,13,118 ;
461,1184.3699,-898.7025,42.8468,50.8006,26,5 ;
479,1307.0081,-871.5775,39.3723,88.4695,20,119 ;
482,1307.4617,-865.4689,39.6982,269.2831,52,52 ;
543,1307.4490,-856.3735,39.3962,86.8428,32,8 ;
463,1305.3447,-860.6293,39.1185,240.4489,102,77 ;
567,1327.1772,-856.8694,39.4427,355.0141,96,74 ;
458,1422.6184,-915.6990,35.9254,173.6657,76,95 ;
439,1455.1505,-920.9677,37.4997,5.5316,137,65 ;
550,1025.4679,-981.0638,42.4947,275.3589,109,23 ;
576,929.9745,-996.4139,37.8311,274.6470,68,96 ;
404,863.1107,-1056.6387,24.8362,216.7097,119,50 ;
463,868.9804,-1068.5559,24.6418,26.0884,90,87 ;
439,783.3749,-1356.8221,13.4354,272.4747,0,119 ;
463,733.6376,-1347.5618,13.0519,258.9138,22,22 ;
429,783.3834,-1347.7704,13.3739,90.3087,52,94 ;
536,1696.6791,-2097.0415,13.2841,179.3459,30,96 ;
542,1662.7777,-2110.7148,13.2900,90.3870,45,92 ;
400,1707.4287,-2142.6919,13.6471,229.0505,40,110 ;
567,1725.0461,-2130.4683,13.4259,180.7540,88,64 ;
412,1724.0801,-2092.9343,13.3837,178.9921,91,31 ;
536,1747.4430,-2097.3616,13.2870,179.0798,32,1 ;
576,1793.3020,-2149.7551,13.2392,180.6801,72,1 ;
536,1772.7323,-2096.0732,13.2853,181.7548,37,1 ;
549,1948.6121,-2114.0183,13.2416,90.8657,79,39 ;
496,1948.0044,-2126.9031,13.2611,269.0660,37,19 ;
463,1941.4159,-2139.8730,13.0970,153.7429,53,53 ;
414,1924.2328,-2123.9316,13.6772,359.7333,95,1 ;
576,1938.4186,-2089.9116,13.1725,87.9823,74,8 ;
518,1979.0964,-2065.5842,13.1683,1.5510,95,1 ;
482,1998.8810,-2095.2688,13.6603,182.4098,110,110 ;
482,2079.6143,-2007.4128,13.6618,267.6052,66,66 ;
543,2070.6382,-1995.7777,13.3738,177.5505,32,8 ;
463,2064.7144,-1998.2357,13.0870,323.5498,19,19 ;
475,1981.1689,-1985.4224,13.3487,0.0153,33,0 ;
443,2002.9520,-1940.1552,13.9832,90.4363,20,1 ;
413,2062.2634,-1904.0969,13.6286,358.4263,91,1 ;
426,2065.5415,-1920.3318,13.2901,179.3121,53,53 ;
468,2120.8396,-1874.5211,13.2159,331.0408,6,6 ;
448,2125.2058,-1817.1385,13.1554,304.3319,3,6 ;
448,2124.9956,-1814.4016,13.1552,307.8773,3,6 ;
448,2124.6506,-1811.7200,13.1522,308.4132,3,6 ;
489,2121.7656,-1783.0730,13.5319,181.4553,112,120 ;
600,2106.7954,-1783.6602,13.0983,178.3882,32,8 ;
400,2114.6040,-1783.4563,13.4944,359.1006,28,119 ;
546,2095.9749,-1800.3145,13.1088,268.3826,78,38 ;
400,2096.2324,-1819.9232,13.4752,269.6763,75,1 ;
554,1928.4520,-1795.0306,13.4708,269.1664,15,32 ;
475,1976.6083,-1727.6584,15.7685,270.5382,33,0 ;
400,2014.2510,-1737.9341,13.6451,89.6673,40,1 ;
546,2017.8608,-1707.7689,13.2712,91.0950,3,87 ;
496,1967.9211,-1658.8986,15.7506,88.9660,52,69 ;
474,2026.2841,-1649.0118,13.3172,268.3413,105,1 ;
429,1990.6079,-1579.2163,13.2836,74.1057,14,14 ;
475,2014.0079,-1597.3103,13.3757,134.4442,37,0 ;
466,2057.4875,-1636.5558,13.2887,269.2682,2,76 ;
496,2062.4905,-1694.4796,13.3308,89.8789,71,107 ;
533,2062.6511,-1738.6663,13.2560,90.7603,74,1 ;
412,2238.7908,-1630.9789,15.5684,339.3786,29,8 ;
534,2284.0630,-1681.7241,13.8912,0.3629,53,53 ;
475,2271.4482,-1634.8553,15.1246,1.4485,9,39 ;
463,2289.7493,-1685.7275,13.2727,338.6942,36,36 ;
496,2296.9233,-1644.5267,14.5451,178.7794,17,1 ;
474,2328.1565,-1677.1449,14.1746,268.4948,74,1 ;
545,2319.2271,-1712.0625,13.3579,179.0224,44,96 ;
475,2416.0103,-1707.7166,13.5772,180.6127,17,1 ;
400,2443.6687,-1637.1934,13.3619,180.6244,10,10 ;
404,2516.5413,-1672.2059,13.6568,247.4270,123,92 ;
600,2501.3005,-1685.7114,13.2052,54.2230,43,8 ;
482,2473.6335,-1688.4501,13.6213,1.3507,34,34 ;
426,2500.2908,-1755.7277,13.1737,179.5942,53,53 ;
414,2445.8567,-1762.6874,13.6820,179.0055,9,1 ;
479,2452.3486,-1784.1185,13.3435,358.6820,60,35 ;
475,2498.7920,-1953.6908,13.2268,180.0759,33,0 ;
482,2482.8601,-1953.4886,13.5429,359.9536,32,32 ;
475,2731.4260,-1937.1626,13.3474,270.9490,37,0 ;
489,2685.5461,-1986.3003,13.6939,358.8623,120,123 ;
536,2685.3967,-2021.3516,13.2650,179.1453,57,96 ;
475,2644.9438,-1989.3313,13.3576,178.5030,56,29 ;
547,2787.8420,-1876.2371,9.5681,179.4587,123,1 ;
426,2757.7773,-1847.0181,9.4532,21.0801,37,37 ;
479,2732.6860,-1875.2740,9.3877,359.7763,45,32 ;
567,2706.5757,-1843.5668,9.3669,339.9568,97,96 ;
458,2679.1792,-1826.0692,9.2646,129.6775,113,1 ;
439,2657.7949,-1812.8765,9.1989,98.6444,67,8 ;
461,2697.0117,-1836.8411,9.0454,131.7257,61,1 ;
463,2757.8318,-1878.8939,9.2421,331.1535,7,122 ;
521,2813.1143,-1822.5189,9.5068,56.5744,87,118 ;
521,2808.0325,-1669.0962,9.5088,168.8724,92,3 ;
466,2829.7585,-1699.7444,9.7443,256.3983,16,76 ;
545,2825.0059,-1718.6702,9.8159,77.5273,30,1 ;
588,2686.6833,-1672.3564,9.3456,1.2872,1,1 ;
546,2657.6079,-1701.7725,9.0416,92.9747,113,78 ;
521,2654.6636,-1692.5939,8.8779,251.8571,36,0 ;
463,2696.4189,-1669.2604,9.0249,152.7104,11,11 ;
474,2813.8862,-1429.2637,16.0126,357.9624,83,1 ;
546,2792.6982,-1432.1294,19.9428,95.9562,119,62 ;
521,2819.5498,-1427.8861,27.7283,97.0200,75,13 ;
429,2796.6160,-1428.0923,35.7734,355.7729,1,2 ;
400,2794.7859,-1464.7653,40.1536,180.1253,75,84 ;
418,2816.5820,-1431.5497,40.1556,268.4159,114,114 ;
521,2794.0625,-1576.2109,10.4993,252.9832,118,118 ;
600,2796.4966,-1562.6956,10.6452,89.5535,83,13 ;
426,2822.3193,-1553.4038,10.6672,89.8755,42,42 ;
533,2807.4377,-1540.4016,10.6310,180.0459,73,1 ;
414,2772.3438,-1614.6322,11.0090,270.6050,43,1 ;
589,2855.3896,-1354.9142,10.8385,271.7889,40,1 ;
521,2850.3010,-1323.3470,10.8710,43.7938,92,3 ;
562,2845.5762,-1287.0035,18.8725,276.4800,62,62 ;
463,2802.9653,-1174.3158,25.0878,148.6355,22,22 ;
589,2814.8518,-1186.5088,24.9740,125.2599,43,1 ;
496,2827.8259,-1165.8298,24.8425,74.4954,41,29 ;
419,2828.4297,-1193.2813,24.7035,319.2678,47,76 ;
521,2686.6938,-1102.2723,68.9335,36.2440,25,118 ;
536,2570.6431,-1101.5728,65.9616,224.2815,30,96 ;
461,2589.6411,-967.6470,80.9740,54.8113,88,1 ;
543,2561.0659,-955.9353,82.5712,189.2468,32,8 ;
543,2499.9092,-961.6536,82.0865,177.1486,43,8 ;
478,2492.5671,-951.8682,82.2364,268.9169,66,1 ;
463,2450.5344,-957.0054,79.5994,88.6032,79,79 ;
521,2359.4319,-648.6396,127.7032,321.5916,36,0 ;
478,2368.4819,-651.1127,127.6424,221.5063,59,1 ;
529,2497.5225,-1063.2612,69.7644,180.0623,42,42 ;
412,2503.8013,-1024.9954,69.9222,354.6204,37,8 ;
536,2485.7839,-1015.6508,65.0513,332.0788,57,96 ;
475,2453.7122,-1011.7231,59.5763,354.2991,37,0 ;
549,2432.1267,-1056.5386,54.0339,182.6494,91,35 ;
521,2366.8833,-1052.4576,53.7198,162.4203,118,118 ;
463,2334.8330,-1052.5548,51.8916,205.8942,7,7 ;
400,2328.0398,-1052.3500,52.4471,178.7152,40,1 ;
468,2368.9734,-1029.3669,53.9112,303.9771,53,53 ;
521,2222.1743,-1043.8972,57.4453,287.0623,92,3 ;
475,2200.8208,-1000.4743,62.1100,337.4120,41,29 ;
536,2073.8337,-972.3666,48.8145,121.6684,9,1 ;
461,2057.1284,-987.3378,45.8448,41.0353,37,1 ;
549,2032.1614,-966.3978,40.8893,144.2881,74,39 ;
521,1994.0328,-1089.3951,24.1790,265.7199,115,118 ;
536,1910.2012,-1117.5193,25.4453,359.7224,12,1 ;
576,1934.3488,-1118.8567,26.0909,167.6531,84,96 ;
540,1991.7618,-1119.2262,26.6329,88.5620,42,42 ;
549,2090.1191,-1141.0527,25.2550,91.9199,83,36 ;
536,2116.0889,-1059.6656,25.4645,1.6788,30,96 ;
549,2161.8665,-1148.1637,24.0918,268.7138,84,36 ;
576,2162.5032,-1162.9884,23.4278,270.5314,67,1 ;
540,2147.6460,-1180.4316,23.6805,271.2742,53,53 ;
554,2161.5271,-1192.5657,23.9013,270.6950,14,32 ;
521,2164.0178,-1178.0918,23.3890,68.9158,74,74 ;
463,2145.5957,-1162.0776,23.3554,273.2266,57,55 ;
475,2148.7520,-1242.4739,24.4964,2.1731,9,39 ;
536,2105.4612,-1242.9531,24.7791,1.3025,71,96 ;
475,2033.9213,-1285.0781,20.7583,269.6826,17,1 ;
479,2033.2328,-1294.9094,20.7262,90.1861,116,34 ;
536,2095.4097,-1365.6405,23.7217,359.4201,26,96 ;
567,2136.8682,-1366.1549,24.9118,181.6538,97,96 ;
554,2156.6670,-1408.6438,25.6234,89.8769,15,32 ;
529,2150.2095,-1423.7836,25.1728,270.8055,53,53 ;
412,2157.4702,-1454.6027,25.3766,272.0728,9,1 ;
482,2168.9004,-1503.8928,24.0567,264.3123,66,66 ;
554,2191.4373,-1465.7140,25.6253,90.8413,45,32 ;
489,2185.0557,-1434.4803,25.6846,93.1798,13,118 ;
529,2229.7317,-1367.4005,23.6257,273.8516,62,62 ;
405,2229.4822,-1348.8889,23.8603,87.4558,75,1 ;
600,2230.1382,-1359.4955,23.7003,269.3415,104,72 ;
536,2196.1318,-1278.5265,24.2447,358.3134,32,1 ;
479,2426.9795,-1241.6071,24.0514,176.5720,40,29 ;
603,2414.5007,-1223.4979,24.7468,354.3562,69,1 ;
475,2431.3196,-1241.5726,24.1538,177.5767,2,39 ;
463,2430.6926,-1220.7517,24.9012,142.6704,19,19 ;
467,2556.9187,-1211.2632,54.2710,92.0357,68,8 ;
475,2559.0198,-1194.6180,61.2624,177.0269,17,1 ;
412,2491.1543,-1299.4158,32.1578,276.4995,37,8 ;
554,2489.9026,-1292.7750,32.0910,246.3011,45,32 ;
400,2493.6797,-1276.2856,33.0028,268.8489,40,110 ;
475,2390.2915,-1487.7120,23.6330,90.8244,41,29 ;
400,2390.6387,-1503.7330,23.9272,270.7136,62,1 ;
463,2389.4578,-1497.8422,23.3752,243.2236,79,79 ;
545,2396.8088,-1536.9807,23.8111,0.1546,50,1 ;
479,2407.3284,-1538.0587,23.7968,0.6749,59,36 ;
466,2412.8625,-1537.3831,23.7432,357.6566,78,76 ;
475,2449.7637,-1556.8450,23.8046,1.3418,17,1 ;
529,2454.6299,-1557.0045,23.6327,180.1560,16,40 ;
496,2477.5659,-1557.4111,23.7818,358.5618,41,29 ;
463,2491.4055,-1535.6182,23.5519,59.4337,11,11 ;
461,2491.1179,-1529.3501,23.5688,56.2088,75,1 ;
521,2491.4360,-1532.5398,23.5717,55.7102,25,118 ;
496,2489.5791,-1518.4509,23.7588,269.8171,2,39 ;
562,2482.6208,-1557.3427,23.6524,2.3099,10,10 ;
468,2499.0034,-1538.0708,23.6439,335.4962,3,3 ;
536,2520.1445,-1480.9065,23.7363,1.3232,37,1 ;
533,2573.5979,-1489.6091,23.7162,87.7542,77,1 ;
521,2554.3159,-1367.9281,31.7872,241.1393,36,0 ;
536,2411.6626,-1390.6456,24.0787,268.8195,26,96 ;
533,1819.8600,-1403.5051,13.1363,89.9457,73,1 ;
496,1809.4696,-1432.1268,13.0139,274.7705,42,42 ;
542,1676.1560,-1106.9868,23.6493,268.6964,113,92 ;
589,1649.5083,-1102.5532,23.5644,270.0267,31,31 ;
589,1658.4116,-1088.9274,23.6777,89.2744,75,1 ;
482,1620.9778,-1089.5054,24.0216,89.9049,48,48 ;
518,1629.4741,-1103.3231,23.5760,268.5257,9,39 ;
518,1640.7035,-1046.7117,23.5692,359.8533,17,1 ;
482,1660.7136,-1016.1744,23.9634,11.4114,20,117 ;
496,1689.9340,-1035.6692,23.6231,178.1297,20,20 ;
429,1712.4379,-1005.7189,23.5937,351.9539,13,13 ;
542,1731.1282,-1009.0837,23.6852,348.1700,119,113 ;
496,1757.4509,-1037.7462,23.8359,180.9093,39,39 ;
475,1770.8777,-1061.7106,23.7646,179.4640,26,104 ;
496,1780.0526,-1069.8851,23.6770,359.9332,9,14 ;
536,1762.5533,-1085.8549,23.6983,180.7030,57,96 ;
518,1740.1122,-1085.8320,23.6318,181.0830,74,59 ;
542,1726.2168,-1085.2207,23.6669,182.7872,122,113 ;
549,1699.9979,-1068.8979,23.6031,357.9710,75,39 ;
400,1713.3634,-1061.1498,23.9985,181.1158,36,1 ;
496,1640.7484,-1038.1542,23.6150,358.3014,0,0 ;
542,1594.9391,-1009.9454,23.6493,185.8625,13,118 ;
482,1577.2344,-1040.1863,24.0271,141.0052,52,52 ;
536,1562.9835,-1011.3809,23.6439,359.5882,12,1 ;
496,1546.6223,-1026.6492,23.6228,162.1279,74,72 ;
463,1577.0701,-1008.9494,23.4464,165.1993,7,7 ;
521,1592.5432,-1057.9313,23.4784,297.7319,118,118 ;
461,1651.4000,-1015.1333,23.4877,216.5875,88,1 ;
463,1694.4098,-1003.8555,23.4463,216.3939,11,11 ;
521,1748.7355,-1039.5499,23.5323,15.0375,134,95 ;
542,1657.5460,-1137.0397,23.6497,178.3330,24,118 ;
589,1616.6453,-1128.1941,23.5644,92.6623,23,23 ;
484,2947.8057,-2052.6362,0.4738,359.4145,50,32 ;
456,2313.5281,-2310.5837,13.7196,133.0174,91,63 ;
455,2264.7073,-2335.1189,13.9838,314.5604,84,58 ;
455,2612.2107,-2198.1665,13.9835,180.4830,84,31 ;
525,2572.6416,-2240.2261,13.4192,93.6711,17,20 ;
453,2505.7712,-2269.1885,-0.3120,268.6544,56,56 ;
453,2307.9446,-2414.1733,-0.2071,314.9561,56,56 ;
455,2189.0393,-2649.3572,13.9833,266.7652,1,31 ;
525,2226.0032,-2677.0149,13.4329,4.2993,18,20 ;
552,2200.3921,-2638.4026,13.2521,357.1788,56,56 ;
422,2203.6013,-2595.3611,13.5221,87.9727,83,57 ;
422,2206.7747,-2527.8098,13.5299,94.0067,67,59 ;
525,2510.2681,-2629.5205,13.5251,88.6646,22,30 ;
456,2491.5276,-2671.4338,13.8094,180.9983,110,93 ;
455,2498.7861,-2572.7219,14.0866,357.5439,84,15 ;
422,2516.4746,-2452.8889,13.6216,44.3283,96,25 ;
470,2764.3169,-2383.4829,13.6235,181.4826,43,0 ;
470,2779.5730,-2440.3181,13.6296,267.8545,43,0 ;
470,2737.3740,-2485.6760,13.6431,87.2884,43,0 ;
400,2744.2754,-2447.5588,13.7433,179.2557,40,84 ;
400,2765.2122,-2531.8735,13.7407,359.5258,40,84 ;
400,2784.2922,-2387.0547,13.7279,89.7828,40,84 ;
400,2753.1467,-2387.5439,13.7358,1.3794,40,84 ;
552,2656.9172,-2451.1821,13.3204,93.4499,49,49 ;
422,2428.1499,-2492.5559,13.6317,45.6813,111,31 ;
530,2435.3372,-2434.5278,13.3911,41.7356,112,1 ;
530,2418.4021,-2506.5557,13.4131,273.4680,114,1 ;
530,2205.8362,-2571.1787,13.3094,85.7644,119,1 ;
455,2152.5361,-2148.2825,13.9860,310.8004,1,31 ;
439,1373.6738,-1634.1741,13.2790,271.5004,8,17 ;
542,1362.9803,-1659.5125,13.1263,270.4668,32,92 ;
475,1359.6680,-1749.6177,13.1843,0.0962,21,1 ;
439,1401.3602,-1507.1211,13.4834,163.4146,67,8 ;
475,1500.1357,-1487.4355,13.3556,91.3002,2,39 ;
542,1797.1293,-1701.1102,13.2757,179.5340,31,93 ;
521,1807.9387,-1688.3774,13.1068,105.3693,75,13 ;
414,1781.8600,-1701.3483,13.5957,3.8341,25,1 ;
475,306.7730,-1438.4087,27.7341,120.6372,33,0 ;
475,1277.5547,-1610.1168,13.3511,90.3928,2,39 ;
439,1670.6208,-1886.9011,13.4429,2.8833,65,79 ;
414,1653.4976,-1837.6439,13.6400,1.1054,72,1 ;
475,1145.1482,-1366.7389,13.5456,184.4175,2,39 ;
418,2090.4797,-1556.7979,13.2113,181.8175,114,114 ;
554,2224.8198,-2211.0693,13.6286,314.5282,45,32 ;
403,2201.2490,-2241.3311,14.1532,135.1536,30,1 ;
403,2196.7461,-2236.3652,14.1486,134.2909,28,1 ;
403,2208.1824,-2296.9404,15.3708,136.0373,25,1 ;
439,2393.2522,-1927.3457,13.2782,179.4218,65,79 ;
475,2383.3689,-1928.1165,13.1844,179.4976,56,29 ;
521,2376.8760,-1929.3613,12.9563,341.1395,87,118 ;
439,2349.1824,-2000.2684,13.2666,267.0585,25,78 ;
420,1775.6141,-1860.0100,13.2745,269.2006,6,1 ;
420,1763.0121,-1860.0037,13.2723,271.2998,6,1 ;
420,1748.9358,-1859.9502,13.2721,270.3943,6,1 ;
420,1734.6754,-1859.9305,13.2740,270.5646,6,1 ;
542,1512.3342,-2211.7639,13.2940,359.3842,45,92 ;
518,1546.2539,-2211.5557,13.2254,178.7042,37,0 ;
521,1560.0939,-2243.5127,13.1179,94.0584,118,118 ;
429,1441.7079,-2225.1514,13.2265,1.5921,13,13 ;
518,1454.6436,-2224.9185,13.2177,0.2168,41,29 ;
496,1408.1469,-2242.1521,13.2630,359.3946,9,14 ;
439,1398.1570,-2225.4885,13.4427,179.6260,37,78 ;
475,1391.6555,-2241.8704,13.3495,180.5889,33,0 ;
542,1364.5348,-2242.7036,13.2899,270.7713,119,113 ;
542,1404.6641,-2314.1211,13.2898,180.5298,122,113 ;
518,1411.2491,-2347.3430,13.2101,180.0483,9,39 ;
496,1391.5173,-2364.2131,13.2633,179.7053,0,0 ;
521,1365.7269,-2351.5515,13.1069,87.0619,92,3 ;
